0,530
93,4
93,3
93,2
93,1
93,0
0,529
92,4
92,3
92,2
92,1
92,0
91,4
91,3
91,2
91,1
91,0
14,8
14,7
14,6
90,4
90,3
90,2
90,1
90,0
89,4
89,3
89,2
89,1
89,0
88,4
88,3
88,2
88,1
88,0
87,3
87,2
87,1
87,0
0,528
86,6
86,5
86,4
86,3
86,2
86,1
86,0
85,3
85,2
85,1
85,0
84,3
84,2
84,1
84,0
83,3
83,2
83,1
83,0
82,3
82,2
82,1
82,0
81,3
81,2
81,1
81,0
80,3
80,2
80,1
80,0
79,3
79,2
79,1
79,0
0,527
0,526
78,4
78,3
78,2
0,525
78,1
78,0
0,524
0,523
0,522
0,521
0,520
77,3
77,2
0,519
77,1
77,0
0,518
0,517
0,516
76,3
76,2
76,1
76,0
0,515
0,514
0,513
75,3
75,2
75,1
75,0
0,512
0,511
0,510
74,3
74,2
74,1
74,0
0,509
0,508
14,5
14,4
73,6
73,5
73,4
73,3
73,2
73,1
73,0
72,6
72,5
72,4
72,3
72,2
72,1
72,0
71,4
71,3
71,2
71,1
71,0
70,5
70,4
70,3
70,2
70,1
70,0
0,507
69,4
69,3
69,2
69,1
69,0
0,506
0,505
68,6
68,5
68,4
68,3
68,2
68,1
68,0
0,504
0,503
67,4
67,3
67,2
0,502
67,1
67,0
0,501
0,500
66,4
66,3
66,2
0,499
66,1
66,0
0,498
0,497
0,496
65,3
65,2
65,1
65,0
0,495
0,494
0,493
0,492
64,5
64,4
64,3
64,2
0,491
64,1
64,0
0,490
0,489
63,4
63,3
63,2
63,1
63,0
62,4
